62
0: 37 
1: 8 21 34 37 19 52 54 58 57 
2: 27 44 46 
3: 4 14 23 56 59 
4: 3 14 26 
5: 14 
6: 34 37 61 48 39 
7: 20 34 37 50 
8: 1 20 21 44 52 43 
9: 20 44 50 
10: 37 
11: 22 59 
12: 21 49 
13: 25 59 
14: 3 4 5 24 25 26 45 59 
15: 17 16 30 53 28 35 38 55 22 56 37 
16: 15 56 
17: 15 
18: 21 49 
19: 1 42 34 37 57 54 40 58 
20: 8 44 34 7 40 50 9 
21: 31 18 12 49 29 37 61 1 44 8 52 27 34 
22: 11 15 35 
23: 3 56 37 48 
24: 14 
25: 13 14 26 59 
26: 4 14 25 59 
27: 2 31 46 52 21 44 
28: 15 38 
29: 21 49 37 61 34 
30: 15 
31: 27 44 52 21 
32: 33 
33: 32 51 37 34 
34: 20 1 52 41 42 21 29 61 33 51 37 60 48 6 57 54 19 7 58 
35: 15 22 38 
36: 44 
37: 44 42 61 21 29 33 0 10 51 15 41 23 60 59 48 6 57 54 7 19 34 1 
38: 15 28 35 56 
39: 6 48 
40: 19 20 
41: 51 37 34 48 
42: 58 19 34 37 
43: 47 54 50 8 
44: 20 37 21 52 31 36 27 46 2 8 9 50 
45: 14 
46: 27 44 2 
47: 54 50 43 
48: 6 39 59 23 41 51 60 37 61 34 
49: 12 18 21 29 
50: 9 44 20 7 47 43 
51: 33 41 48 60 37 34 61 
52: 27 31 21 61 34 1 44 8 
53: 15 
54: 47 57 37 34 19 1 58 43 
55: 15 56 
56: 23 3 16 55 38 15 
57: 54 37 34 1 19 58 
58: 54 57 19 34 42 1 
59: 13 25 26 14 3 11 37 48 
60: 34 48 37 51 61 
61: 34 6 48 60 37 51 29 21 52 
